0 00000000000000001110011011100000000000001100000000001110000000000100000000101000100000010001000011111111111110100000000000000000 00000000000000000000000000000000000000000000000000000000000000000000000000000000000000000000000000000000000000000000000000000000
0 00000000000000001110011011100000000000001100000000001110000000000100000000101000100000010001000011111111111110100000000000000000 00000000000000000000000000000000000000000000000000000000000000000000000000000000000000000000000000000000000000000000000000000000
0 00000000000000001110011011100000000000001100000000001110000000000100000000101000100000010001000011111111111110100000000000000000 00000000000000000000000000000000000000000000000000000000000000000000000000000000000000000000000000000000000000000000000000000000
0 00000000000000001110011011100000000000001100000000001110000000000100000000101000100000010001000011111111111110100000000000000000 00000000000000000000000000000000000000000000000000000000000000000000000000000000000000000000000000000000000000000000000000000000
0 00000000000000001110011011100000000000001100000000001110000000000100000000101000100000010001000011111111111110100000000000000000 00000000000000000000000000000000000000000000000000000000000000000000000000000000000000000000000000000000000000000000000000000000
1 00000000000000001110011011100000000000001100000000001110000000000000111011000000100000010001000011111111111110100000000000000001 11111111111111111111111111111111111111111111111111111111111111111111111111111111111111111111111111111111111111111111111111111111
1 00000000000000001110011011100000000000001100000000001110000000000000111011000000100000010001000011111111111110100000000000000001 11111111111111111111111111111111111111111111111111111111111111111111111111111111111111111111111111111111111111111111111111111111
1 00000000000000001110011011100000000000001100000000001110000000000000111011000000100000010001000011111111111110100000000000000001 11111111111111111111111111111111111111111111111111111111111111111111111111111111111111111111111111111111111111111111111111111111
1 00000000000000001110011011100000000000001100000000001110000000000000111011000000100000010001000011111111111110100000000000000001 11111111111111111111111111111111111111111111111111111111111111111111111111111111111111111111111111111111111111111111111111111111
1 00000000000000001110011011100000000000001100000000001110000000000000111011000000100000010001000011111111111110100000000000000001 11111111111111111111111111111111111111111111111111111111111111111111111111111111111111111111111111111111111111111111111111111111
0 00000000000000001110011011100000000000001100000000001110000000000000111011000000100000010001000011111111111110100000000000000001 11111111111111111111111111111111111111111111111111111111111111111111111111111111111111111111111111111111111111111111111111111111
0 00000000000000001110011011100000000000001100000000001110000000000000111011000000100000010001000011111111111110100000000000000001 11111111111111111111111111111111111111111111111111111111111111111111111111111111111111111111111111111111111111111111111111111111
0 00000000000000001110011011100000000000001100000000001110000000000000111011000000100000010001000011111111111110100000000000000001 11111111111111111111111111111111111111111111111111111111111111111111111111111111111111111111111111111111111111111111111111111111
0 00000000000000001110011011100000000000001100000000001110000000000000111011000000100000010001000011111111111110100000000000000001 11111111111111111111111111111111111111111111111111111111111111111111111111111111111111111111111111111111111111111111111111111111
0 00000000000000001110011011100000000000001100000000001110000000000000111011000000100000010001000011111111111110100000000000000001 11111111111111111111111111111111111111111111111111111111111111111111111111111111111111111111111111111111111111111111111111111111
1 00000000000000001110011011100000000000001100000000001110000000000000111011000000100000010001000011111111111110100000000000000010 11111111111111111111111111111111111111111111111111111111111111111111111111111111111111111111111111111111111111111111111111111111
1 00000000000000001110011011100000000000001100000000001110000000000000111011000000100000010001000011111111111110100000000000000010 11111111111111111111111111111111111111111111111111111111111111111111111111111111111111111111111111111111111111111111111111111111
1 00000000000000001110011011100000000000001100000000001110000000000000111011000000100000010001000011111111111110100000000000000010 11111111111111111111111111111111111111111111111111111111111111111111111111111111111111111111111111111111111111111111111111111111
1 00000000000000001110011011100000000000001100000000001110000000000000111011000000100000010001000011111111111110100000000000000010 11111111111111111111111111111111111111111111111111111111111111111111111111111111111111111111111111111111111111111111111111111111
1 00000000000000001110011011100000000000001100000000001110000000000000111011000000100000010001000011111111111110100000000000000010 11111111111111111111111111111111111111111111111111111111111111111111111111111111111111111111111111111111111111111111111111111111
0 00000000000000001110011011100000000000001100000000001110000000000000111011000000100000010001000011111111111110100000000000000010 11111111111111111111111111111111111111111111111111111111111111111111111111111111111111111111111111111111111111111111111111111111
0 00000000000000001110011011100000000000001100000000001110000000000000111011000000100000010001000011111111111110100000000000000010 11111111111111111111111111111111111111111111111111111111111111111111111111111111111111111111111111111111111111111111111111111111
0 00000000000000001110011011100000000000001100000000001110000000000000111011000000100000010001000011111111111110100000000000000010 11111111111111111111111111111111111111111111111111111111111111111111111111111111111111111111111111111111111111111111111111111111
0 00000000000000001110011011100000000000001100000000001110000000000000111011000000100000010001000011111111111110100000000000000010 11111111111111111111111111111111111111111111111111111111111111111111111111111111111111111111111111111111111111111111111111111111
0 00000000000000001110011011100000000000001100000000001110000000000000111011000000100000010001000011111111111110100000000000000010 11111111111111111111111111111111111111111111111111111111111111111111111111111111111111111111111111111111111111111111111111111111
1 00000000000000001110011011100000000000001100000000001110000000000000111011000000100000010001000011111111111110100000000000000011 11111111111111111111111111111111111111111111111111111111111111111111111111111111111111111111111111111111111111111111111111111111
1 00000000000000001110011011100000000000001100000000001110000000000000111011000000100000010001000011111111111110100000000000000011 11111111111111111111111111111111111111111111111111111111111111111111111111111111111111111111111111111111111111111111111111111111
1 00000000000000001110011011100000000000001100000000001110000000000000111011000000100000010001000011111111111110100000000000000011 11111111111111111111111111111111111111111111111111111111111111111111111111111111111111111111111111111111111111111111111111111111
1 00000000000000001110011011100000000000001100000000001110000000000000111011000000100000010001000011111111111110100000000000000011 11111111111111111111111111111111111111111111111111111111111111111111111111111111111111111111111111111111111111111111111111111111
1 00000000000000001110011011100000000000001100000000001110000000000000111011000000100000010001000011111111111110100000000000000011 11111111111111111111111111111111111111111111111111111111111111111111111111111111111111111111111111111111111111111111111111111111
0 00000000000000001110011011100000000000001100000000001110000000000000111011000000100000010001000011111111111110100000000000000011 11111111111111111111111111111111111111111111111111111111111111111111111111111111111111111111111111111111111111111111111111111111
0 00000000000000001110011011100000000000001100000000001110000000000000111011000000100000010001000011111111111110100000000000000011 11111111111111111111111111111111111111111111111111111111111111111111111111111111111111111111111111111111111111111111111111111111
0 00000000000000001110011011100000000000001100000000001110000000000000111011000000100000010001000011111111111110100000000000000011 11111111111111111111111111111111111111111111111111111111111111111111111111111111111111111111111111111111111111111111111111111111
0 00000000000000001110011011100000000000001100000000001110000000000000111011000000100000010001000011111111111110100000000000000011 11111111111111111111111111111111111111111111111111111111111111111111111111111111111111111111111111111111111111111111111111111111
0 00000000000000001110011011100000000000001100000000001110000000000000111011000000100000010001000011111111111110100000000000000011 11111111111111111111111111111111111111111111111111111111111111111111111111111111111111111111111111111111111111111111111111111111
1 00011001001000001110011011100000000000001100000000001110000000000000111011000000100000010001000011111111111110100000000000000100 11111111111111111111111111111111111111111111111111111111111111111111111111111111111111111111111111111111111111111111111111111111
1 00011001001000001110011011100000000000001100000000001110000000000000111011000000100000010001000011111111111110100000000000000100 11111111111111111111111111111111111111111111111111111111111111111111111111111111111111111111111111111111111111111111111111111111
1 00011001001000001110011011100000000000001100000000001110000000000000111011000000100000010001000011111111111110100000000000000100 11111111111111111111111111111111111111111111111111111111111111111111111111111111111111111111111111111111111111111111111111111111
1 00011001001000001110011011100000000000001100000000001110000000000000111011000000100000010001000011111111111110100000000000000100 11111111111111111111111111111111111111111111111111111111111111111111111111111111111111111111111111111111111111111111111111111111
1 00011001001000001110011011100000000000001100000000001110000000000000111011000000100000010001000011111111111110100000000000000100 11111111111111111111111111111111111111111111111111111111111111111111111111111111111111111111111111111111111111111111111111111111
0 00011001001000001110011011100000000000001100000000001110000000000000111011000000100000010001000011111111111110100000000000000100 11111111111111111111111111111111111111111111111111111111111111111111111111111111111111111111111111111111111111111111111111111111
0 00011001001000001110011011100000000000001100000000001110000000000000111011000000100000010001000011111111111110100000000000000100 11111111111111111111111111111111111111111111111111111111111111111111111111111111111111111111111111111111111111111111111111111111
0 00011001001000001110011011100000000000001100000000001110000000000000111011000000100000010001000011111111111110100000000000000100 11111111111111111111111111111111111111111111111111111111111111111111111111111111111111111111111111111111111111111111111111111111
0 00011001001000001110011011100000000000001100000000001110000000000000111011000000100000010001000011111111111110100000000000000100 11111111111111111111111111111111111111111111111111111111111111111111111111111111111111111111111111111111111111111111111111111111
0 00011001001000001110011011100000000000001100000000001110000000000000111011000000100000010001000011111111111110100000000000000100 11111111111111111111111111111111111111111111111111111111111111111111111111111111111111111111111111111111111111111111111111111111
1 00011001001000000000000000000000000000001100000000001110000000000000111011000000100000010001000011111111111110100000000000000101 11111111111111111111111111111111111111111111111111111111111111111111111111111111111111111111111111111111111111111111111111111111
1 00011001001000000000000000000000000000001100000000001110000000000000111011000000100000010001000011111111111110100000000000000101 11111111111111111111111111111111111111111111111111111111111111111111111111111111111111111111111111111111111111111111111111111111
1 00011001001000000000000000000000000000001100000000001110000000000000111011000000100000010001000011111111111110100000000000000101 11111111111111111111111111111111111111111111111111111111111111111111111111111111111111111111111111111111111111111111111111111111
1 00011001001000000000000000000000000000001100000000001110000000000000111011000000100000010001000011111111111110100000000000000101 11111111111111111111111111111111111111111111111111111111111111111111111111111111111111111111111111111111111111111111111111111111
1 00011001001000000000000000000000000000001100000000001110000000000000111011000000100000010001000011111111111110100000000000000101 11111111111111111111111111111111111111111111111111111111111111111111111111111111111111111111111111111111111111111111111111111111
0 00011001001000000000000000000000000000001100000000001110000000000000111011000000100000010001000011111111111110100000000000000101 11111111111111111111111111111111111111111111111111111111111111111111111111111111111111111111111111111111111111111111111111111111
0 00011001001000000000000000000000000000001100000000001110000000000000111011000000100000010001000011111111111110100000000000000101 11111111111111111111111111111111111111111111111111111111111111111111111111111111111111111111111111111111111111111111111111111111
0 00011001001000000000000000000000000000001100000000001110000000000000111011000000100000010001000011111111111110100000000000000101 11111111111111111111111111111111111111111111111111111111111111111111111111111111111111111111111111111111111111111111111111111111
0 00011001001000000000000000000000000000001100000000001110000000000000111011000000100000010001000011111111111110100000000000000101 11111111111111111111111111111111111111111111111111111111111111111111111111111111111111111111111111111111111111111111111111111111
0 00011001001000000000000000000000000000001100000000001110000000000000111011000000100000010001000011111111111110100000000000000101 11111111111111111111111111111111111111111111111111111111111111111111111111111111111111111111111111111111111111111111111111111111
1 00000000110000001110011011100000000000001100000000001110000000000000111011000000100000010001000011111111111110100000000000000110 11111111111111111111111111111111111111111111111111111111111111111111111111111111111111111111111111111111111111111111111111111111
1 00000000110000001110011011100000000000001100000000001110000000000000111011000000100000010001000011111111111110100000000000000110 11111111111111111111111111111111111111111111111111111111111111111111111111111111111111111111111111111111111111111111111111111111
1 00000000110000001110011011100000000000001100000000001110000000000000111011000000100000010001000011111111111110100000000000000110 11111111111111111111111111111111111111111111111111111111111111111111111111111111111111111111111111111111111111111111111111111111
1 00000000110000001110011011100000000000001100000000001110000000000000111011000000100000010001000011111111111110100000000000000110 11111111111111111111111111111111111111111111111111111111111111111111111111111111111111111111111111111111111111111111111111111111
1 00000000110000001110011011100000000000001100000000001110000000000000111011000000100000010001000011111111111110100000000000000110 11111111111111111111111111111111111111111111111111111111111111111111111111111111111111111111111111111111111111111111111111111111